[-66.10823946 -67.29817238 -67.24405496 -65.74916415 -62.64595444
 -57.80778383 -51.1601985  -42.69137887 -32.46138101 -20.60939937
  -7.35797058   6.98713907  22.04302368  37.36269886  52.45527395
  66.81217984  79.93703244  91.37632    100.74686503 107.75616229
 112.21387654 114.03467399 113.23441544 109.92218017 104.28973662
  96.59905484  87.16809688  76.35558917  64.545622    52.13292888
  39.50923343  27.05034819  15.10353348   3.97519028  -6.08011345
 -14.86802046 -22.25908552 -28.18930647 -32.65663931 -35.71439146
 -37.46276461 -38.03909667 -37.60742742 -36.34843744 -34.45053466
 -32.10221117 -29.48515047 -26.7683392  -24.10400028 -21.62552147
 -19.44693697 -17.66321138 -16.35086452 -15.5688644  -15.35983332
 -15.75127984 -16.75645836 -18.37457648 -20.5897978  -23.36914088
 -26.6601588  -30.38922515 -34.46090068 -38.75826939 -43.14389918
 -47.46131775 -51.53737627 -55.18571385 -58.21115419]